000000000000000000
100000001100100100
100000011001001000
100000100101101100
100000110010001111
100000111110110010
100001001011010101
100001010111110110
100001100100010111
100001110000110111
100001111101010110
100010001001110011
100010010110010000
100010100010101010
100010101111000100
100010111011011011
100011000111110001
100011010100000101
100011100000010111
100011101100100110
100011111000110011
100100000100111110
100100010001000111
100100011101001101
100100101001010000
100100110101010000
100101000001001101
100101001101000111
100101011000111110
100101100100110001
100101110000100010
100101111100001110
100110000111110111
100110010011011100
100110011110111101
100110101010011011
100110110101110100
100111000001001001
100111001100011001
100111010111100101
100111100010101101
100111101101110000
100111111000101110
101000000011100111
101000001110011100
101000011001001011
101000100011110101
101000101110011010
101000111000111001
101001000011010011
101001001101101000
101001010111110110
101001100001111111
101001101100000010
101001110101111111
101001111111110110
101010001001100111
101010010011010010
101010011100110110
101010100110010100
101010101111101011
101010111000111011
101011000010000101
101011001011001000
101011010100000100
101011011100111010
101011100101101000
101011101110001111
101011110110101110
101011111111000111
101100000111011000
101100001111100010
101100010111100100
101100011111011110
101100100111010001
101100101110111011
101100110110011111
101100111101111010
101101000101001101
101101001100011000
101101010011011011
101101011010010101
101101100001001000
101101100111110010
101101101110010100
101101110100101101
101101111010111110
101110000001000110
101110000111000101
101110001100111100
101110010010101010
101110011000001111
101110011101101011
101110100010111111
101110101000001001
101110101101001011
101110110010000011
101110110110110010
101110111011011000
101110111111110101
101111000100001001
101111001000010011
101111001100010100
101111010000001011
101111010011111010
101111010111011110
101111011010111010
101111011110001011
101111100001010011
101111100100010010
101111100111000111
101111101001110011
101111101100010100
101111101110101100
101111110000111011
101111110010111111
101111110100111010
101111110110101011
101111111000010011
101111111001110000
101111111011000100
101111111100001110
101111111101001110
101111111110000100
101111111110110001
101111111111010011
101111111111101100
101111111111111011
110000000000000000
101111111111111011
101111111111101100
101111111111010011
101111111110110001
101111111110000100
101111111101001110
101111111100001110
101111111011000100
101111111001110000
101111111000010011
101111110110101011
101111110100111010
101111110010111111
101111110000111011
101111101110101100
101111101100010100
101111101001110011
101111100111000111
101111100100010010
101111100001010011
101111011110001011
101111011010111010
101111010111011110
101111010011111010
101111010000001011
101111001100010100
101111001000010011
101111000100001001
101110111111110101
101110111011011000
101110110110110010
101110110010000011
101110101101001011
101110101000001001
101110100010111111
101110011101101011
101110011000001111
101110010010101010
101110001100111100
101110000111000101
101110000001000110
101101111010111110
101101110100101101
101101101110010100
101101100111110010
101101100001001000
101101011010010101
101101010011011011
101101001100011000
101101000101001101
101100111101111010
101100110110011111
101100101110111011
101100100111010001
101100011111011110
101100010111100100
101100001111100010
101100000111011000
101011111111000111
101011110110101110
101011101110001111
101011100101101000
101011011100111010
101011010100000100
101011001011001000
101011000010000101
101010111000111011
101010101111101011
101010100110010100
101010011100110110
101010010011010010
101010001001100111
101001111111110110
101001110101111111
101001101100000010
101001100001111111
101001010111110110
101001001101101000
101001000011010011
101000111000111001
101000101110011010
101000100011110101
101000011001001011
101000001110011100
101000000011100111
100111111000101110
100111101101110000
100111100010101101
100111010111100101
100111001100011001
100111000001001001
100110110101110100
100110101010011011
100110011110111101
100110010011011100
100110000111110111
100101111100001110
100101110000100010
100101100100110001
100101011000111110
100101001101000111
100101000001001101
100100110101010000
100100101001010000
100100011101001101
100100010001000111
100100000100111110
100011111000110011
100011101100100110
100011100000010111
100011010100000101
100011000111110001
100010111011011011
100010101111000100
100010100010101010
100010010110010000
100010001001110011
100001111101010110
100001110000110111
100001100100010111
100001010111110110
100001001011010101
100000111110110010
100000110010001111
100000100101101100
100000011001001000
100000001100100100
100000000000000000
000000001100100100
000000011001001000
000000100101101100
000000110010001111
000000111110110010
000001001011010101
000001010111110110
000001100100010111
000001110000110111
000001111101010110
000010001001110011
000010010110010000
000010100010101010
000010101111000100
000010111011011011
000011000111110001
000011010100000101
000011100000010111
000011101100100110
000011111000110011
000100000100111110
000100010001000111
000100011101001101
000100101001010000
000100110101010000
000101000001001101
000101001101000111
000101011000111110
000101100100110001
000101110000100010
000101111100001110
000110000111110111
000110010011011100
000110011110111101
000110101010011011
000110110101110100
000111000001001001
000111001100011001
000111010111100101
000111100010101101
000111101101110000
000111111000101110
001000000011100111
001000001110011100
001000011001001011
001000100011110101
001000101110011010
001000111000111001
001001000011010011
001001001101101000
001001010111110110
001001100001111111
001001101100000010
001001110101111111
001001111111110110
001010001001100111
001010010011010010
001010011100110110
001010100110010100
001010101111101011
001010111000111011
001011000010000101
001011001011001000
001011010100000100
001011011100111010
001011100101101000
001011101110001111
001011110110101110
001011111111000111
001100000111011000
001100001111100010
001100010111100100
001100011111011110
001100100111010001
001100101110111011
001100110110011111
001100111101111010
001101000101001101
001101001100011000
001101010011011011
001101011010010101
001101100001001000
001101100111110010
001101101110010100
001101110100101101
001101111010111110
001110000001000110
001110000111000101
001110001100111100
001110010010101010
001110011000001111
001110011101101011
001110100010111111
001110101000001001
001110101101001011
001110110010000011
001110110110110010
001110111011011000
001110111111110101
001111000100001001
001111001000010011
001111001100010100
001111010000001011
001111010011111010
001111010111011110
001111011010111010
001111011110001011
001111100001010011
001111100100010010
001111100111000111
001111101001110011
001111101100010100
001111101110101100
001111110000111011
001111110010111111
001111110100111010
001111110110101011
001111111000010011
001111111001110000
001111111011000100
001111111100001110
001111111101001110
001111111110000100
001111111110110001
001111111111010011
001111111111101100
001111111111111011
010000000000000000
001111111111111011
001111111111101100
001111111111010011
001111111110110001
001111111110000100
001111111101001110
001111111100001110
001111111011000100
001111111001110000
001111111000010011
001111110110101011
001111110100111010
001111110010111111
001111110000111011
001111101110101100
001111101100010100
001111101001110011
001111100111000111
001111100100010010
001111100001010011
001111011110001011
001111011010111010
001111010111011110
001111010011111010
001111010000001011
001111001100010100
001111001000010011
001111000100001001
001110111111110101
001110111011011000
001110110110110010
001110110010000011
001110101101001011
001110101000001001
001110100010111111
001110011101101011
001110011000001111
001110010010101010
001110001100111100
001110000111000101
001110000001000110
001101111010111110
001101110100101101
001101101110010100
001101100111110010
001101100001001000
001101011010010101
001101010011011011
001101001100011000
001101000101001101
001100111101111010
001100110110011111
001100101110111011
001100100111010001
001100011111011110
001100010111100100
001100001111100010
001100000111011000
001011111111000111
001011110110101110
001011101110001111
001011100101101000
001011011100111010
001011010100000100
001011001011001000
001011000010000101
001010111000111011
001010101111101011
001010100110010100
001010011100110110
001010010011010010
001010001001100111
001001111111110110
001001110101111111
001001101100000010
001001100001111111
001001010111110110
001001001101101000
001001000011010011
001000111000111001
001000101110011010
001000100011110101
001000011001001011
001000001110011100
001000000011100111
000111111000101110
000111101101110000
000111100010101101
000111010111100101
000111001100011001
000111000001001001
000110110101110100
000110101010011011
000110011110111101
000110010011011100
000110000111110111
000101111100001110
000101110000100010
000101100100110001
000101011000111110
000101001101000111
000101000001001101
000100110101010000
000100101001010000
000100011101001101
000100010001000111
000100000100111110
000011111000110011
000011101100100110
000011100000010111
000011010100000101
000011000111110001
000010111011011011
000010101111000100
000010100010101010
000010010110010000
000010001001110011
000001111101010110
000001110000110111
000001100100010111
000001010111110110
000001001011010101
000000111110110010
000000110010001111
000000100101101100
000000011001001000
000000001100100100
000000000000000000
